strategy : 1
  var = 0.0453087440079
  mean = 0.313525666667
  min = -0.328
strategy : 2
  var = 0.0505717089306
  mean = 0.488458333333
  min = -0.222
strategy : 3
  var = 0.0433603665972
  mean = 0.360841666667
  min = -0.31
strategy : 4
  var = 0.0376903085862
  mean = 0.688472666667
  min = -0.029
